0
1094
712
717
718
720
736
738
870
873
872
871
875
874
886
885
884
883
882
881
890
899
946
947
949
1048
943
942
941
940
960
1009
959
964
989
990
987
985
984
1049
972
971
969
968
970
986
967
957
1010
895
896
955
956
958
954
951
952
953
948
897
898
900
889
888
891
893
894
892
887
950
965
966
988
973
976
975
974
978
977
981
980
979
982
983
1051
1050
1052
992
991
993
994
995
996
997
936
998
934
928
927
935
925
924
939
938
961
1008
937
1007
962
963
923
1006
922
921
919
920
912
944
945
901
902
903
904
880
878
879
877
876
869
868
867
866
864
905
906
908
909
911
910
850
851
1030
847
848
849
852
853
854
855
861
862
907
863
860
859
865
743
731
728
744
784
769
767
783
768
856
857
858
782
781
780
778
777
845
846
913
914
918
916
926
840
835
929
930
933
999
932
931
832
833
834
826
825
824
823
827
1000
830
831
1001
828
829
1002
1005
821
819
820
818
822
817
1003
815
813
814
797
796
799
798
811
812
836
837
838
839
808
805
806
842
841
917
843
915
844
785
776
774
1017
786
787
807
788
804
802
803
809
810
801
800
793
792
791
616
615
610
613
794
795
604
603
601
605
1034
612
611
1035
607
609
598
599
600
606
602
608
574
575
576
577
619
618
617
790
789
629
628
627
630
1020
660
772
775
773
771
779
770
764
765
766
755
756
753
752
751
750
690
754
688
687
533
692
749
747
748
700
694
695
697
698
699
701
727
726
1044
702
706
724
1045
714
715
716
723
733
1047
739
742
737
735
734
741
740
732
729
730
1046
709
711
710
719
708
707
705
704
703
551
1011
549
550
552
557
556
554
555
553
548
544
545
542
419
414
416
418
420
407
422
528
529
536
696
537
539
538
421
532
693
531
530
534
535
686
1012
517
678
684
689
681
683
757
759
758
763
760
669
1016
670
682
672
680
676
677
679
674
673
675
649
645
651
666
665
657
1041
658
659
661
662
761
762
663
664
1037
668
667
1042
671
650
1043
631
625
626
623
620
621
622
624
632
633
636
637
638
591
590
635
634
589
593
642
595
597
643
644
647
646
653
652
655
654
656
639
640
641
592
648
1018
510
1039
484
486
487
1040
490
511
512
516
515
513
514
518
519
520
521
527
526
525
523
522
495
433
426
524
424
423
406
403
408
409
417
412
413
411
346
415
541
540
342
345
410
347
401
402
404
405
427
429
430
432
434
435
493
494
492
437
438
489
491
488
439
441
485
1028
444
483
509
507
482
1038
481
480
465
464
463
448
449
446
382
445
1029
443
442
440
384
385
380
372
373
387
388
436
431
389
394
396
428
398
399
349
350
337
338
339
332
329
330
341
331
340
344
343
348
327
328
320
321
322
326
334
333
335
263
262
336
351
352
400
353
260
261
245
248
249
259
354
257
355
391
390
392
393
395
378
356
376
377
1033
375
374
1023
363
357
256
258
254
253
252
251
235
237
250
238
247
240
241
243
267
268
324
265
264
244
266
323
325
312
311
309
308
314
313
316
317
305
318
319
304
301
303
306
315
307
302
297
295
291
286
285
284
287
290
288
294
278
293
289
292
296
298
300
299
277
275
274
276
279
280
281
283
282
273
271
270
269
310
272
242
239
236
233
234
232
255
358
230
359
1014
362
364
365
361
360
231
225
224
226
228
229
227
222
221
217
216
219
220
218
213
211
367
368
370
190
1021
383
381
379
371
369
199
200
212
210
205
207
214
209
215
206
208
68
204
202
201
203
195
198
197
187
188
180
189
1022
447
450
451
452
477
476
478
474
500
502
505
506
594
501
584
583
499
498
473
472
462
455
458
460
459
123
468
566
496
497
470
469
471
461
582
586
585
588
587
580
579
1015
578
581
569
570
571
572
573
563
562
561
560
559
565
567
568
564
558
122
466
120
121
119
124
127
126
457
456
174
175
176
177
178
168
179
169
171
172
173
162
170
164
167
181
182
184
185
186
192
65
64
67
66
62
63
191
61
60
55
59
58
183
165
166
56
151
163
160
161
158
159
156
149
150
52
51
50
45
46
48
53
57
49
54
47
40
38
41
42
43
37
34
33
39
32
147
146
145
144
137
135
117
118
467
125
128
154
153
152
148
36
35
133
129
130
131
134
132
155
115
116
108
109
110
114
113
112
111
1053
141
136
138
139
31
30
24
23
140
143
21
76
77
79
72
71
80
100
102
106
105
107
104
97
95
94
93
92
90
1024
89
1026
1025
88
99
101
103
98
91
96
87
82
81
69
70
73
74
9
19
12
13
14
15
25
26
27
28
29
22
16
17
20
75
11
10
18
8
6
7
83
84
86
85
1
2
4
5
3
78
142
44
157
193
196
194
453
454
596
1036
508
503
504
1027
479
475
366
223
246
397
1032
386
425
1013
685
543
546
547
1031
713
725
746
691
1019
614
816
1004
745
721
722
721
720
718
713
712
715
723
732
729
728
746
752
753
756
755
683
681
680
676
675
649
645
653
597
595
594
501
473
462
458
457
126
128
125
154
133
144
137
136
141
712
