0 0.1328125 0.1984375 0.1625 0.0734375
0 0.1453125 0.32890625 0.146875 0.07734375
0 0.153125 0.46015625 0.12109375 0.0828125
0 0.15390625 0.590625 0.128125 0.078125
0 0.17265625 0.71875 0.17109375 0.08046875
0 0.40390625 0.1875 0.18359375 0.084375
0 0.41171875 0.3296875 0.14921875 0.08515625
0 0.403125 0.4671875 0.12421875 0.0890625
0 0.42109375 0.5921875 0.1375 0.08359375
0 0.4296875 0.72421875 0.11640625 0.0859375
0 0.6390625 0.184375 0.128125 0.0796875
0 0.66328125 0.3234375 0.14296875 0.08515625
0 0.65546875 0.4640625 0.11953125 0.07890625
0 0.6640625 0.59296875 0.13671875 0.0734375
0 0.66796875 0.73515625 0.11875 0.07578125
0 0.89453125 0.73046875 0.109375 0.0875
0 0.89609375 0.5984375 0.1359375 0.08515625
0 0.86953125 0.4625 0.11328125 0.08125
0 0.8515625 0.3296875 0.0859375 0.071875
0 0.88046875 0.1828125 0.1984375 0.09140625