0 0.33984375 0.13359375 0.12734375 0.071875
0 0.54375 0.1375 0.13359375 0.07109375
0 0.7359375 0.140625 0.1234375 0.07421875
0 0.75 0.2734375 0.09609375 0.07109375
0 0.775 0.4109375 0.12421875 0.07890625
0 0.76640625 0.5203125 0.09921875 0.06953125
0 0.5546875 0.51875 0.11953125 0.06953125
0 0.54921875 0.3953125 0.12734375 0.0640625
0 0.53125 0.278125 0.18203125 0.0953125
0 0.33515625 0.2734375 0.0796875 0.08203125
0 0.3421875 0.40234375 0.09921875 0.075
0 0.33984375 0.51640625 0.09140625 0.06640625
0 0.1203125 0.140625 0.0890625 0.07421875
0 0.13359375 0.25390625 0.0921875 0.0515625
0 0.13359375 0.3765625 0.10703125 0.08203125
0 0.13125 0.4921875 0.12265625 0.08125