0 0.0609375 0.33671875 0.06015625 0.1734375
0 0.065625 0.55546875 0.05546875 0.14296875
0 0.065625 0.771875 0.053125 0.1265625
0 0.1609375 0.34453125 0.07890625 0.1703125
0 0.165625 0.5546875 0.06328125 0.12421875
0 0.17109375 0.796875 0.0640625 0.1546875
0 0.2984375 0.3484375 0.13203125 0.1375
0 0.3046875 0.55859375 0.10390625 0.14296875
0 0.30859375 0.7875 0.0921875 0.15234375
0 0.42734375 0.35859375 0.06171875 0.128125
0 0.41484375 0.56953125 0.04296875 0.14765625
0 0.425 0.825 0.06171875 0.175
0 0.51015625 0.3671875 0.05390625 0.14609375
0 0.521875 0.57734375 0.06875 0.140625
0 0.521875 0.81875 0.0640625 0.13984375
0 0.6265625 0.38046875 0.11171875 0.1484375
0 0.61484375 0.5875 0.06015625 0.1140625
0 0.62421875 0.8125 0.065625 0.13828125
0 0.73203125 0.359375 0.04453125 0.1359375
0 0.7265625 0.5890625 0.04140625 0.128125
0 0.7265625 0.82890625 0.0578125 0.13046875
0 0.8296875 0.36875 0.06796875 0.12578125
0 0.81953125 0.5796875 0.05625 0.13359375
0 0.82109375 0.83046875 0.06640625 0.12890625
0 0.940625 0.378125 0.075 0.13203125
0 0.9328125 0.59921875 0.0640625 0.15546875