0 0.25546875 0.34921875 0.14453125 0.04609375
0 0.246875 0.40703125 0.1328125 0.04453125
0 0.2515625 0.46328125 0.1125 0.04453125
0 0.25625 0.515625 0.1125 0.0453125
0 0.24375 0.56875 0.1265625 0.04296875
0 0.2328125 0.62578125 0.16015625 0.04453125
0 0.23515625 0.68359375 0.134375 0.0375
0 0.2328125 0.7453125 0.1375 0.04921875
0 0.2265625 0.7984375 0.1078125 0.03828125
0 0.24296875 0.8515625 0.146875 0.0421875
0 0.2421875 0.29296875 0.13125 0.0453125
0 0.2453125 0.24140625 0.13828125 0.04765625
0 0.2375 0.1875 0.1328125 0.04375
0 0.21953125 0.13359375 0.1046875 0.0453125
0 0.4171875 0.13515625 0.10859375 0.04453125
0 0.44765625 0.1890625 0.140625 0.0421875
0 0.459375 0.24375 0.1359375 0.04140625
0 0.44375 0.29921875 0.09765625 0.03671875
0 0.44921875 0.3515625 0.134375 0.0453125
0 0.45703125 0.4078125 0.11953125 0.04375
0 0.459375 0.46484375 0.1171875 0.0484375
0 0.45234375 0.51640625 0.115625 0.04765625
0 0.44609375 0.5703125 0.10546875 0.0453125
0 0.43515625 0.62578125 0.121875 0.04375
0 0.44140625 0.68125 0.109375 0.0421875
0 0.44765625 0.7375 0.0984375 0.0421875
0 0.4484375 0.79375 0.10078125 0.04296875
0 0.46171875 0.8484375 0.1296875 0.0453125
0 0.60234375 0.13203125 0.09140625 0.04765625
0 0.76328125 0.128125 0.09453125 0.0484375
0 0.8984375 0.128125 0.08984375 0.04296875
0 0.92265625 0.18359375 0.1078125 0.0453125
0 0.7828125 0.18515625 0.1109375 0.04140625
0 0.61953125 0.1890625 0.1015625 0.03984375
0 0.63125 0.24375 0.09296875 0.046875
0 0.78984375 0.2421875 0.128125 0.04453125
0 0.91796875 0.2390625 0.06875 0.0421875
0 0.640625 0.3015625 0.10546875 0.0453125
0 0.79609375 0.296875 0.09921875 0.0375
0 0.93671875 0.2953125 0.10625 0.03828125
0 0.66953125 0.35390625 0.1359375 0.0421875
0 0.8125 0.3515625 0.0671875 0.0453125
0 0.93671875 0.34765625 0.0859375 0.03984375
0 0.65625 0.41015625 0.10703125 0.0453125
0 0.8171875 0.4109375 0.09453125 0.04296875
0 0.93984375 0.40703125 0.0796875 0.040625
0 0.6578125 0.4640625 0.1078125 0.04296875
0 0.8125 0.46640625 0.08984375 0.0421875
0 0.9453125 0.46015625 0.07890625 0.03984375
0 0.94296875 0.5109375 0.07578125 0.0390625
0 0.80703125 0.51875 0.0984375 0.04921875
0 0.63515625 0.51484375 0.090625 0.046875
0 0.62734375 0.5671875 0.1125 0.03984375
0 0.80234375 0.57421875 0.1125 0.0390625
0 0.94140625 0.56953125 0.09609375 0.04140625
0 0.91796875 0.6234375 0.13359375 0.03984375
0 0.7703125 0.62578125 0.09140625 0.03515625
0 0.61953125 0.68125 0.11484375 0.04921875
0 0.615625 0.621875 0.13203125 0.04609375
0 0.61640625 0.7375 0.09375 0.0453125
0 0.7796875 0.73671875 0.08515625 0.04296875
0 0.78046875 0.68046875 0.10234375 0.04453125
0 0.9046875 0.68203125 0.071875 0.0421875
0 0.91640625 0.7375 0.08203125 0.0421875
0 0.93046875 0.7953125 0.0984375 0.0390625
0 0.934375 0.84765625 0.08046875 0.040625
0 0.78671875 0.7890625 0.09296875 0.0421875
0 0.79296875 0.853125 0.0875 0.04453125
0 0.6265625 0.79296875 0.103125 0.0421875
0 0.63359375 0.8484375 0.09453125 0.040625
0 0.05859375 0.84921875 0.04140625 0.05
0 0.06328125 0.7921875 0.0703125 0.0453125
0 0.0734375 0.73828125 0.07421875 0.0421875
0 0.065625 0.68359375 0.065625 0.04375
0 0.078125 0.63203125 0.05234375 0.04375
0 0.065625 0.5734375 0.0546875 0.04140625
0 0.06328125 0.515625 0.040625 0.04140625
0 0.07578125 0.4625 0.0375 0.04375
0 0.07109375 0.4046875 0.0421875 0.0421875
0 0.0734375 0.35 0.04375 0.0390625
0 0.08046875 0.29921875 0.0484375 0.0328125
0 0.08046875 0.25 0.06953125 0.04375
0 0.071875 0.18828125 0.06796875 0.05078125
0 0.06875 0.1328125 0.0703125 0.04921875