0 0.1171875 0.240625 0.0828125 0.06953125
0 0.2890625 0.23359375 0.05234375 0.06640625
0 0.465625 0.22890625 0.15078125 0.06015625
0 0.68125 0.24453125 0.11875 0.07734375
0 0.8640625 0.240625 0.06171875 0.078125
0 0.86640625 0.4078125 0.06328125 0.065625
0 0.67890625 0.41484375 0.13125 0.06171875
0 0.46953125 0.4078125 0.171875 0.071875
0 0.284375 0.4109375 0.04921875 0.05703125
0 0.128125 0.4171875 0.07421875 0.0546875
0 0.12578125 0.58515625 0.05625 0.06015625
0 0.28671875 0.58203125 0.05078125 0.06328125
0 0.46640625 0.57734375 0.1390625 0.06328125
0 0.6765625 0.5734375 0.12890625 0.06171875
0 0.86015625 0.55703125 0.059375 0.05703125
0 0.8625 0.71796875 0.05546875 0.06171875
0 0.68359375 0.715625 0.140625 0.05546875
0 0.47265625 0.72890625 0.1609375 0.0734375
0 0.29296875 0.73046875 0.06328125 0.06328125
0 0.13359375 0.73515625 0.065625 0.07421875
0 0.1296875 0.8703125 0.05703125 0.05625
0 0.29609375 0.8640625 0.07890625 0.05546875
0 0.4765625 0.8640625 0.1421875 0.06171875
0 0.68515625 0.85234375 0.12421875 0.059375
0 0.87265625 0.8453125 0.075 0.06328125