0 0.15859375 0.19296875 0.16640625 0.1046875
0 0.3703125 0.19453125 0.128125 0.0890625
0 0.5703125 0.1875 0.13984375 0.11015625
0 0.7375 0.18671875 0.103125 0.103125
0 0.9109375 0.18203125 0.1546875 0.0984375
0 0.89453125 0.32890625 0.075 0.09140625
0 0.9046875 0.45859375 0.09609375 0.0921875
0 0.75078125 0.4578125 0.09609375 0.09375
0 0.75625 0.32421875 0.11171875 0.10234375
0 0.57734375 0.32421875 0.11875 0.0984375
0 0.56796875 0.45625 0.10078125 0.10078125
0 0.58203125 0.58984375 0.1109375 0.09296875
0 0.58671875 0.71953125 0.1078125 0.0953125
0 0.40234375 0.71640625 0.146875 0.11484375
0 0.3890625 0.59140625 0.11015625 0.09765625
0 0.3875 0.46640625 0.10390625 0.0984375
0 0.38046875 0.32734375 0.1171875 0.10546875
0 0.16796875 0.33671875 0.146875 0.10234375
0 0.1609375 0.47578125 0.15 0.1046875
0 0.153125 0.603125 0.11171875 0.109375
0 0.1703125 0.72109375 0.14921875 0.10078125