0 0.1703125 0.1328125 0.19375 0.0703125
0 0.45078125 0.13359375 0.18671875 0.071875
0 0.74140625 0.1328125 0.24765625 0.065625
0 0.721875 0.2453125 0.25234375 0.07421875
0 0.73203125 0.35234375 0.2375 0.06640625
0 0.45078125 0.35546875 0.1875 0.0765625
0 0.178125 0.3609375 0.20078125 0.06640625
0 0.1875 0.4671875 0.215625 0.06875
0 0.4484375 0.4609375 0.1828125 0.06953125
0 0.7515625 0.46328125 0.25 0.07109375
0 0.7421875 0.5734375 0.24609375 0.0703125
0 0.44921875 0.57890625 0.17421875 0.065625
0 0.16328125 0.57421875 0.17109375 0.071875
0 0.18125 0.68984375 0.18828125 0.07421875
0 0.4484375 0.68671875 0.18125 0.07109375
0 0.7328125 0.68203125 0.22734375 0.07265625
0 0.71484375 0.8 0.2078125 0.0875
0 0.45078125 0.81171875 0.1734375 0.0671875
0 0.16328125 0.809375 0.196875 0.06640625
0 0.17265625 0.940625 0.19765625 0.07109375
0 0.44609375 0.9421875 0.15546875 0.07734375
0 0.7109375 0.9390625 0.25234375 0.0796875
0 0.16015625 0.25546875 0.1515625 0.0609375
0 0.43046875 0.25078125 0.19375 0.07109375