0 0.1140625 0.23984375 0.07890625 0.08515625
0 0.12578125 0.41015625 0.0796875 0.06328125
0 0.12265625 0.58046875 0.06640625 0.071875
0 0.13515625 0.7359375 0.0625 0.0828125
0 0.13125 0.871875 0.05390625 0.065625
0 0.2875 0.2296875 0.0625 0.06796875
0 0.284375 0.4125 0.0625 0.06484375
0 0.2859375 0.58046875 0.059375 0.07421875
0 0.29765625 0.72890625 0.06640625 0.0734375
0 0.29375 0.8609375 0.0875 0.05546875
0 0.4671875 0.225 0.16328125 0.0703125
0 0.47421875 0.40390625 0.18125 0.07578125
0 0.46796875 0.57890625 0.15234375 0.065625
0 0.47578125 0.728125 0.15703125 0.08125
0 0.4796875 0.86328125 0.15234375 0.0671875
0 0.67578125 0.24609375 0.13203125 0.07890625
0 0.678125 0.4109375 0.159375 0.0765625
0 0.675 0.571875 0.1171875 0.06328125
0 0.6875 0.7140625 0.14453125 0.06171875
0 0.6859375 0.85546875 0.14609375 0.06171875
0 0.85859375 0.24296875 0.0671875 0.08515625
0 0.85546875 0.41015625 0.07109375 0.0703125
0 0.8625 0.5546875 0.07421875 0.0703125
0 0.8640625 0.71875 0.07265625 0.06796875
0 0.87265625 0.84375 0.0703125 0.0625