0 0.15703125 0.1875 0.17578125 0.115625
0 0.15859375 0.3234375 0.146875 0.1140625
0 0.15625 0.46953125 0.1578125 0.11796875
0 0.1515625 0.596875 0.11484375 0.09609375
0 0.1734375 0.71953125 0.1578125 0.0953125
0 0.37265625 0.19375 0.13046875 0.10703125
0 0.38046875 0.32421875 0.1265625 0.09453125
0 0.3859375 0.4578125 0.1109375 0.1125
0 0.38984375 0.5875 0.11328125 0.0984375
0 0.40078125 0.71328125 0.146875 0.0984375
0 0.56953125 0.18515625 0.140625 0.1078125
0 0.575 0.32578125 0.12265625 0.09609375
0 0.5703125 0.46171875 0.10703125 0.0953125
0 0.58125 0.5875 0.115625 0.10546875
0 0.5875 0.7203125 0.10078125 0.1046875
0 0.7359375 0.18203125 0.10859375 0.1015625
0 0.75078125 0.3171875 0.12734375 0.10859375
0 0.746875 0.45390625 0.10703125 0.0984375
0 0.7546875 0.5828125 0.11328125 0.10390625
0 0.75859375 0.725 0.10625 0.10234375
0 0.91015625 0.1765625 0.15625 0.115625
0 0.890625 0.31953125 0.07890625 0.09921875
0 0.90546875 0.45234375 0.1046875 0.11171875
0 0.921875 0.59140625 0.1140625 0.11328125
0 0.9234375 0.72734375 0.09140625 0.1078125