0 0.0421875 0.12265625 0.0515625 0.046875
0 0.04453125 0.2 0.0453125 0.0328125
0 0.0515625 0.2671875 0.04296875 0.03515625
0 0.053125 0.33046875 0.03984375 0.0421875
0 0.05546875 0.40703125 0.04609375 0.034375
0 0.06796875 0.48046875 0.04375 0.03515625
0 0.06875 0.565625 0.04375 0.0390625
0 0.07109375 0.6453125 0.03828125 0.03671875
0 0.0734375 0.72421875 0.04921875 0.03359375
0 0.084375 0.8015625 0.053125 0.03125
0 0.209375 0.125 0.14140625 0.0359375
0 0.19609375 0.2015625 0.10625 0.03515625
0 0.19609375 0.26953125 0.09609375 0.034375
0 0.20234375 0.33359375 0.11953125 0.04140625
0 0.19453125 0.40234375 0.11484375 0.03359375
0 0.2 0.48828125 0.11484375 0.0359375
0 0.21015625 0.56484375 0.11015625 0.03828125
0 0.20390625 0.63984375 0.125 0.0359375
0 0.2078125 0.72109375 0.13671875 0.03515625
0 0.21171875 0.803125 0.125 0.03828125
0 0.41796875 0.125 0.10078125 0.0390625
0 0.40625 0.20078125 0.09453125 0.0375
0 0.41875 0.26953125 0.1296875 0.03671875
0 0.41796875 0.33515625 0.1359375 0.0359375
0 0.40390625 0.40546875 0.1046875 0.0375
0 0.41015625 0.48046875 0.11484375 0.03515625
0 0.40390625 0.5578125 0.1265625 0.03984375
0 0.41015625 0.63984375 0.12421875 0.03984375
0 0.4171875 0.72109375 0.14765625 0.034375
0 0.41328125 0.80234375 0.14375 0.03359375
0 0.62421875 0.1234375 0.12265625 0.0328125
0 0.6078125 0.2 0.11171875 0.0390625
0 0.61640625 0.26796875 0.1203125 0.03203125
0 0.61796875 0.33671875 0.1203125 0.0359375
0 0.6171875 0.41171875 0.1203125 0.0390625
0 0.6171875 0.48046875 0.11953125 0.0359375
0 0.61171875 0.5609375 0.11484375 0.0390625
0 0.60390625 0.64140625 0.103125 0.034375
0 0.60625 0.7296875 0.1125 0.046875
0 0.61171875 0.80625 0.1171875 0.0421875
0 0.8125 0.81171875 0.13203125 0.04453125
0 0.80546875 0.72734375 0.13515625 0.03359375
0 0.80625 0.64375 0.1546875 0.0390625
0 0.8078125 0.56171875 0.134375 0.03828125
0 0.82578125 0.47890625 0.15234375 0.0390625
0 0.834375 0.41015625 0.15234375 0.0390625
0 0.84296875 0.33671875 0.17109375 0.0359375
0 0.83125 0.27109375 0.146875 0.0375
0 0.83125 0.20078125 0.15546875 0.0390625
0 0.85 0.12109375 0.1671875 0.0359375