0 0.16015625 0.0921875 0.18671875 0.0578125
0 0.36953125 0.09296875 0.12890625 0.05078125
0 0.58359375 0.09296875 0.1578125 0.04765625
0 0.803125 0.0875 0.17734375 0.0453125
0 0.13984375 0.171875 0.1390625 0.05234375
0 0.3578125 0.17421875 0.12578125 0.04609375
0 0.559375 0.16796875 0.15859375 0.04453125
0 0.784375 0.16640625 0.175 0.05
0 0.7890625 0.23828125 0.1625 0.0453125
0 0.56875 0.2390625 0.15390625 0.05
0 0.3734375 0.24375 0.15703125 0.04921875
0 0.140625 0.24609375 0.11953125 0.0421875
0 0.15234375 0.3140625 0.15234375 0.04296875
0 0.37890625 0.3140625 0.17265625 0.04375
0 0.5765625 0.30859375 0.14453125 0.04921875
0 0.803125 0.31015625 0.1875 0.0453125
0 0.79921875 0.384375 0.1765625 0.0484375
0 0.57734375 0.3890625 0.1484375 0.05
0 0.3578125 0.3875 0.1375 0.04765625
0 0.1421875 0.3859375 0.13984375 0.046875
0 0.14609375 0.4703125 0.14375 0.0515625
0 0.36796875 0.4640625 0.153125 0.0484375
0 0.58203125 0.4625 0.13671875 0.05078125
0 0.79296875 0.45859375 0.1734375 0.04609375
0 0.78515625 0.54375 0.16640625 0.053125
0 0.57734375 0.5484375 0.14140625 0.04296875
0 0.36171875 0.546875 0.16171875 0.05390625
0 0.16328125 0.56015625 0.1296875 0.053125
0 0.159375 0.64296875 0.1484375 0.05703125
0 0.37109375 0.63515625 0.1640625 0.04765625
0 0.57578125 0.6328125 0.12421875 0.05625
0 0.7859375 0.63125 0.2 0.0546875
0 0.78828125 0.71953125 0.16484375 0.0484375
0 0.58203125 0.7265625 0.140625 0.05234375
0 0.37421875 0.72109375 0.19453125 0.0546875
0 0.15703125 0.7265625 0.1625 0.05546875
0 0.1625 0.81640625 0.15546875 0.05859375
0 0.37890625 0.8125 0.171875 0.05546875
0 0.59296875 0.8109375 0.15625 0.0578125
0 0.7953125 0.8125 0.15390625 0.04921875