0 0.11484375 0.05546875 0.196875 0.03359375
0 0.51171875 0.05078125 0.2796875 0.046875
0 0.83515625 0.0484375 0.134375 0.04375
0 0.840625 0.121875 0.121875 0.04296875
0 0.5046875 0.1265625 0.27421875 0.04453125
0 0.13203125 0.12578125 0.2234375 0.0484375
0 0.128125 0.20625 0.215625 0.04921875
0 0.509375 0.2015625 0.22734375 0.0484375
0 0.83203125 0.190625 0.12890625 0.03984375
0 0.503125 0.28984375 0.221875 0.05625
0 0.82734375 0.28046875 0.134375 0.05
0 0.13359375 0.28515625 0.22734375 0.04765625
0 0.13125 0.36171875 0.2140625 0.04375
0 0.51953125 0.36015625 0.2640625 0.0484375
0 0.8234375 0.35625 0.128125 0.03984375
0 0.4921875 0.42578125 0.225 0.0421875
0 0.83515625 0.42578125 0.10234375 0.040625
0 0.12421875 0.421875 0.215625 0.03828125
0 0.146875 0.48828125 0.228125 0.04375
0 0.50625 0.49296875 0.23671875 0.046875
0 0.81796875 0.4875 0.125 0.04375
0 0.13359375 0.55546875 0.21875 0.04609375
0 0.5171875 0.55390625 0.25078125 0.04375
0 0.8140625 0.55078125 0.140625 0.0375
0 0.14609375 0.61875 0.24375 0.0453125
0 0.4921875 0.61953125 0.2078125 0.0453125
0 0.83046875 0.62109375 0.12578125 0.04765625
0 0.83828125 0.68984375 0.1890625 0.04453125
0 0.5109375 0.68828125 0.2859375 0.04375
0 0.1359375 0.68828125 0.2390625 0.046875
0 0.13046875 0.75625 0.22109375 0.05078125
0 0.5015625 0.75546875 0.28359375 0.0453125
0 0.8390625 0.75546875 0.22421875 0.04296875
0 0.85546875 0.81953125 0.215625 0.0453125
0 0.49609375 0.82109375 0.296875 0.0484375
0 0.14453125 0.8234375 0.22421875 0.04453125
0 0.1296875 0.88828125 0.203125 0.0453125
0 0.50078125 0.88359375 0.265625 0.04765625
0 0.85234375 0.8953125 0.1859375 0.04453125
0 0.85 0.95859375 0.15703125 0.0390625
0 0.475 0.9484375 0.2234375 0.0328125
0 0.1234375 0.953125 0.2234375 0.03671875