0 0.06015625 0.32890625 0.0671875 0.19921875
0 0.0671875 0.5546875 0.059375 0.140625
0 0.06484375 0.76015625 0.05625 0.14296875
0 0.1625 0.3421875 0.0828125 0.1734375
0 0.16640625 0.55390625 0.06484375 0.13828125
0 0.17265625 0.796875 0.06875 0.15390625
0 0.29453125 0.33984375 0.1296875 0.15703125
0 0.30390625 0.54765625 0.1015625 0.1484375
0 0.30625 0.78125 0.09375 0.1515625
0 0.42578125 0.35078125 0.0703125 0.1453125
0 0.41484375 0.5703125 0.0453125 0.1421875
0 0.42578125 0.80234375 0.06171875 0.19375
0 0.51015625 0.35234375 0.059375 0.14296875
0 0.521875 0.5734375 0.0703125 0.15546875
0 0.521875 0.809375 0.065625 0.15
0 0.62578125 0.37265625 0.11015625 0.16015625
0 0.615625 0.5828125 0.06328125 0.12734375
0 0.61953125 0.80390625 0.07265625 0.13359375
0 0.7328125 0.35859375 0.0484375 0.1375
0 0.72578125 0.58984375 0.053125 0.1359375
0 0.72578125 0.82109375 0.0578125 0.1390625
0 0.82890625 0.3671875 0.06875 0.1375
0 0.8171875 0.5796875 0.05390625 0.13828125
0 0.81796875 0.8265625 0.065625 0.1453125
0 0.93828125 0.3796875 0.07734375 0.12734375
0 0.934375 0.6 0.06875 0.15546875
0 0.92890625 0.83046875 0.0734375 0.15859375