0 0.13125 0.18984375 0.175 0.10625
0 0.4078125 0.1828125 0.20859375 0.1140625
0 0.63671875 0.18515625 0.1515625 0.096875
0 0.875 0.17421875 0.21328125 0.10546875
0 0.85390625 0.3265625 0.10390625 0.09296875
0 0.86640625 0.45546875 0.13203125 0.10234375
0 0.890625 0.5890625 0.15 0.09609375
0 0.89296875 0.72890625 0.12578125 0.10078125
0 0.66328125 0.325 0.16484375 0.09296875
0 0.65546875 0.46171875 0.1390625 0.09765625
0 0.66484375 0.58828125 0.14296875 0.09921875
0 0.6671875 0.7328125 0.11875 0.09609375
0 0.4140625 0.3296875 0.16484375 0.09375
0 0.403125 0.4578125 0.13515625 0.09453125
0 0.42265625 0.5859375 0.14609375 0.09375
0 0.42890625 0.72265625 0.134375 0.0984375
0 0.14140625 0.3296875 0.16796875 0.0984375
0 0.15234375 0.45859375 0.14609375 0.09609375
0 0.1515625 0.590625 0.13828125 0.09453125
0 0.175 0.7203125 0.184375 0.1015625