0 0.11796875 0.13828125 0.1046875 0.10078125
0 0.13359375 0.2546875 0.10859375 0.0734375
0 0.1359375 0.37265625 0.11484375 0.096875
0 0.128125 0.490625 0.1453125 0.09921875
0 0.340625 0.1296875 0.14453125 0.10625
0 0.3375 0.2734375 0.09609375 0.09296875
0 0.340625 0.39765625 0.13046875 0.09296875
0 0.33828125 0.5140625 0.11796875 0.0875
0 0.5453125 0.13359375 0.15625 0.08046875
0 0.5328125 0.27578125 0.19453125 0.10859375
0 0.546875 0.3921875 0.14609375 0.07890625
0 0.55390625 0.51875 0.13203125 0.0859375
0 0.734375 0.140625 0.140625 0.090625
0 0.74765625 0.2640625 0.1078125 0.08203125
0 0.76953125 0.40703125 0.140625 0.0890625
0 0.76796875 0.52265625 0.11640625 0.090625