0 0.1515625 0.096875 0.1546875 0.0484375
0 0.140625 0.17265625 0.11875 0.0421875
0 0.14609375 0.246875 0.109375 0.04140625
0 0.1453125 0.31328125 0.13828125 0.0453125
0 0.14296875 0.38671875 0.1234375 0.04375
0 0.146875 0.4734375 0.128125 0.04296875
0 0.15859375 0.55859375 0.12421875 0.0453125
0 0.15078125 0.640625 0.1328125 0.04453125
0 0.15859375 0.728125 0.1484375 0.04765625
0 0.16640625 0.81875 0.1359375 0.0421875
0 0.36875 0.09375 0.10625 0.0359375
0 0.57421875 0.09296875 0.11796875 0.0328125
0 0.80234375 0.08828125 0.16796875 0.0375
0 0.35859375 0.175 0.1015625 0.03125
0 0.56328125 0.1703125 0.1125 0.03984375
0 0.78984375 0.1703125 0.1578125 0.04140625
0 0.37421875 0.24453125 0.13359375 0.0390625
0 0.5765625 0.2390625 0.13046875 0.03515625
0 0.790625 0.240625 0.1484375 0.03828125
0 0.37421875 0.31328125 0.13984375 0.0375
0 0.578125 0.3109375 0.12578125 0.03828125
0 0.80703125 0.30859375 0.175 0.034375
0 0.3625 0.38671875 0.115625 0.03671875
0 0.80390625 0.3859375 0.159375 0.0359375
0 0.58125 0.3890625 0.12578125 0.040625
0 0.36796875 0.46484375 0.115625 0.040625
0 0.58203125 0.46171875 0.1234375 0.0390625
0 0.79765625 0.45859375 0.15234375 0.040625
0 0.3640625 0.546875 0.13046875 0.04140625
0 0.578125 0.5484375 0.1203125 0.0375
0 0.78515625 0.54453125 0.134375 0.0375
0 0.37109375 0.6359375 0.128125 0.04140625
0 0.5765625 0.634375 0.1015625 0.040625
0 0.7828125 0.6328125 0.165625 0.03828125
0 0.38203125 0.72109375 0.15390625 0.0390625
0 0.58125 0.7265625 0.1171875 0.0453125
0 0.790625 0.72109375 0.1484375 0.04453125
0 0.37890625 0.81171875 0.1515625 0.0390625
0 0.58828125 0.81171875 0.125 0.04140625
0 0.796875 0.8109375 0.13828125 0.0453125