0 0.17265625 0.1390625 0.14609375 0.06484375
0 0.44921875 0.1390625 0.16640625 0.06015625
0 0.7328125 0.12734375 0.2265625 0.06640625
0 0.7265625 0.25234375 0.23203125 0.06171875
0 0.7296875 0.3546875 0.20703125 0.0640625
0 0.74375 0.46171875 0.23125 0.06484375
0 0.7390625 0.571875 0.21328125 0.0671875
0 0.73671875 0.6828125 0.20859375 0.06328125
0 0.721875 0.8078125 0.19921875 0.06015625
0 0.4546875 0.815625 0.15703125 0.0609375
0 0.4515625 0.68671875 0.1640625 0.05546875
0 0.45 0.5765625 0.165625 0.0546875
0 0.44609375 0.4625 0.17109375 0.06171875
0 0.44296875 0.35546875 0.16953125 0.05625
0 0.43046875 0.25625 0.153125 0.05078125
0 0.15859375 0.26015625 0.128125 0.0515625
0 0.18046875 0.36484375 0.17109375 0.06171875
0 0.18125 0.465625 0.18515625 0.05859375
0 0.159375 0.57890625 0.15 0.065625
0 0.17421875 0.690625 0.15859375 0.053125
0 0.16875 0.8140625 0.16875 0.06015625
0 0.17421875 0.94765625 0.16875 0.0640625
0 0.44609375 0.94375 0.13984375 0.0609375
0 0.7140625 0.9390625 0.2109375 0.05859375